DATE,ADMIN_DOSE1_DAILY,ADMIN_DOSE1_CUMULATIVE,ADMIN_DOSE2_DAILY,ADMIN_DOSE2_CUMULATIVE,ADMIN_SINGLE_DAILY,ADMIN_SINGLE_CUMULATIVE,ADMIN_ADDITIONAL1_DAILY,ADMIN_ADDITIONAL1_CUMULATIVE,ADMIN_ADDITIONAL2_DAILY,ADMIN_ADDITIONAL2_CUMULATIVE,ADMIN_ADDITIONAL_DAILY,ADMIN_ADDITIONAL_CUMULATIVE,ADMIN_BIVALENT_ADDITIONAL_DAILY,ADMIN_BIVALENT_ADDITIONAL_CUMULATIVE,ADMIN_ALLDOSES_DAILY,ADMIN_ALLDOSES_7DAYAVG,ADMIN_ALLDOSES_CUMULATIVE,ADMIN_ALLDOSES_PRIMARY,INCOMPLETE
12/14/2020,78,78,0,0,2,2,0,0,0,0,0,0,0,0,80,,80,80,0
12/15/2020,2033,2111,7,7,5,7,0,0,0,0,0,0,0,0,2045,,2125,2125,0
12/16/2020,4580,6691,17,24,4,11,1,1,0,0,1,1,0,0,4602,,6727,6726,0
12/17/2020,4643,11334,17,41,1,12,1,2,0,0,1,2,0,0,4662,,11389,11387,0
12/18/2020,5811,17145,23,64,2,14,2,4,0,0,2,4,0,0,5838,,17227,17223,0
12/19/2020,1682,18827,10,74,3,17,0,4,0,0,0,4,0,0,1695,,18922,18918,0
12/20/2020,1117,19944,2,76,1,18,0,4,0,0,0,4,0,0,1120,2863.14,20042,20038,0
12/21/2020,6373,26317,23,99,0,18,4,8,0,0,4,8,0,0,6400,3766,26442,26434,0
12/22/2020,9742,36059,29,128,2,20,1,9,0,0,1,9,0,0,9774,4870.14,36216,36207,0
12/23/2020,14231,50290,37,165,3,23,0,9,0,0,0,9,0,0,14271,6251.43,50487,50478,0
12/24/2020,7154,57444,28,193,1,24,0,9,0,0,0,9,0,0,7183,6611.57,57670,57661,0
12/25/2020,180,57624,0,193,0,24,1,10,0,0,1,10,0,0,181,5803.43,57851,57841,0
12/26/2020,4386,62010,47,240,0,24,1,11,0,0,1,11,0,0,4434,6194.71,62285,62274,0
12/27/2020,3864,65874,16,256,0,24,1,12,0,0,1,12,0,0,3881,6589.14,66166,66154,0
12/28/2020,10966,76840,50,306,1,25,3,15,0,0,3,15,0,0,11020,7249.14,77186,77171,0
12/29/2020,10689,87529,37,343,2,27,3,18,0,0,3,18,0,0,10731,7385.86,87917,87899,0
12/30/2020,12800,100329,45,388,0,27,0,18,0,0,0,18,0,0,12845,7182.14,100762,100744,0
12/31/2020,7247,107576,38,426,1,28,0,18,0,0,0,18,0,0,7286,7196.86,108048,108030,0
1/1/2021,178,107754,2,428,1,29,3,21,0,0,3,21,0,0,184,7197.29,108232,108211,0
1/2/2021,3799,111553,10,438,3,32,2,23,0,0,2,23,0,0,3814,7108.71,112046,112023,0
1/3/2021,3539,115092,25,463,2,34,1,24,0,0,1,24,0,0,3567,7063.86,115613,115589,0
1/4/2021,12224,127316,803,1266,2,36,8,32,0,0,8,32,0,0,13037,7352,128650,128618,0
1/5/2021,14072,141388,2185,3451,2,38,14,46,1,1,15,47,0,0,16274,8143.86,144924,144877,0
1/6/2021,17772,159160,3909,7360,1,39,34,80,7,8,41,88,0,0,21723,9412.14,166647,166559,0
1/7/2021,16511,175671,5171,12531,4,43,45,125,3,11,48,136,0,0,21734,11476.14,188381,188245,0
1/8/2021,16589,192260,5442,17973,0,43,38,163,5,16,43,179,0,0,22074,14603.29,210455,210276,0
1/9/2021,7644,199904,1458,19431,1,44,9,172,2,18,11,190,0,0,9114,15360.43,219569,219379,0
1/10/2021,7874,207778,978,20409,0,44,14,186,0,18,14,204,0,0,8866,16117.43,228435,228231,0
1/11/2021,25787,233565,7440,27849,2,46,59,245,6,24,65,269,0,0,33294,19011.29,261729,261460,0
1/12/2021,28218,261783,7851,35700,1,47,48,293,4,28,52,321,0,0,36122,21846.71,297851,297530,0
1/13/2021,31677,293460,9389,45089,0,47,60,353,6,34,66,387,0,0,41132,24619.43,338983,338596,0
1/14/2021,35753,329213,5292,50381,1,48,34,387,7,41,41,428,0,0,41087,27384.14,380070,379642,0
1/15/2021,29218,358431,3704,54085,2,50,33,420,6,47,39,467,0,0,32963,28939.71,413033,412566,0
1/16/2021,30239,388670,2389,56474,0,50,27,447,5,52,32,499,0,0,32660,32303.43,445693,445194,0
1/17/2021,23713,412383,1642,58116,0,50,20,467,1,53,21,520,0,0,25376,34662,471069,470549,0
1/18/2021,27055,439438,2413,60529,0,50,37,504,7,60,44,564,0,0,29513,34121.86,500582,500018,0
1/19/2021,34249,473687,9623,70152,1,51,75,579,8,68,83,647,0,0,43956,35241,544538,543891,0
1/20/2021,34822,508509,9485,79637,1,52,62,641,2,70,64,711,0,0,44372,35703.86,588910,588199,0
1/21/2021,25557,534066,8084,87721,2,54,55,696,5,75,60,771,0,0,33703,34649,622613,621842,0
1/22/2021,24719,558785,4370,92091,1,55,34,730,6,81,40,811,0,0,29130,34101.43,651743,650932,0
1/23/2021,15719,574504,3221,95312,0,55,12,742,2,83,14,825,0,0,18954,32143.43,670697,669872,0
1/24/2021,7156,581660,3456,98768,0,55,21,763,1,84,22,847,0,0,10634,30037.43,681331,680484,0
1/25/2021,13383,595043,11812,110580,0,55,72,835,13,97,85,932,0,0,25280,29432.71,706611,705679,0
1/26/2021,16734,611777,10750,121330,0,55,68,903,4,101,73,1005,0,0,27557,27090,734168,733164,0
1/27/2021,20810,632587,12326,133656,0,55,53,956,9,110,62,1067,0,0,33198,25493.71,767366,766300,0
1/28/2021,30720,663307,12821,146477,0,55,86,1042,16,126,102,1169,0,0,43646,26914.14,811012,809844,0
1/29/2021,31646,694953,11485,157962,0,55,86,1128,11,137,97,1266,0,0,43228,28928.14,854240,852975,0
1/30/2021,18689,713642,3730,161692,0,55,23,1151,3,140,26,1292,0,0,22445,29426.86,876685,875394,0
1/31/2021,12997,726639,2920,164612,1,56,30,1181,5,145,35,1327,0,0,15953,30186.71,892638,891312,0
2/1/2021,1177,727816,5394,170006,3,59,38,1219,4,149,42,1369,0,0,6616,27520.43,899254,897886,0
2/2/2021,2821,730637,9430,179436,2,61,53,1272,3,152,56,1425,0,0,12309,25342.14,911563,910139,0
2/3/2021,16326,746963,21191,200627,4,65,217,1489,20,172,237,1662,0,0,37758,25993.57,949321,947660,0
2/4/2021,27018,773981,19628,220255,3,68,210,1699,11,183,221,1883,0,0,46870,26454.14,996191,994309,0
2/5/2021,27550,801531,20006,240261,0,68,195,1894,16,199,212,2095,0,0,47768,27102.71,1043959,1041866,0
2/6/2021,22934,824465,11235,251496,0,68,119,2013,13,212,132,2227,0,0,34301,28796.43,1078260,1076035,0
2/7/2021,12026,836491,8273,259769,1,69,97,2110,13,225,111,2338,0,0,20411,29433.29,1098671,1096336,0
2/8/2021,16943,853434,23494,283263,2,71,237,2347,37,262,275,2613,0,0,40714,34304.43,1139385,1136776,0
2/9/2021,17164,870598,28069,311332,2,73,357,2704,41,303,401,3014,0,0,45636,39065.43,1185021,1182014,0
2/10/2021,19567,890165,29281,340613,2,75,272,2976,51,354,326,3340,0,0,49177,40696.71,1234198,1230868,0
2/11/2021,27815,917980,33445,374058,2,77,347,3323,58,412,405,3745,0,0,61669,42810.86,1295867,1292132,0
2/12/2021,38373,956353,30750,404808,3,80,358,3681,41,453,400,4145,0,0,69526,45919.14,1365393,1361259,0
2/13/2021,27973,984326,25308,430116,2,82,307,3988,58,511,366,4511,0,0,53650,48683.29,1419043,1414544,0
2/14/2021,16248,1000574,23692,453808,0,82,278,4266,37,548,315,4826,0,0,40255,51518.14,1459298,1454484,0
2/15/2021,12763,1013337,10497,464305,2,84,178,4444,26,574,205,5031,0,0,23467,49054.29,1482765,1477747,0
2/16/2021,14216,1027553,26649,490954,0,84,346,4790,40,614,387,5418,0,0,41252,48428,1524017,1518613,0
2/17/2021,16370,1043923,22154,513108,1,85,285,5075,41,655,326,5744,0,0,38851,46952.86,1562868,1557138,0
2/18/2021,12127,1056050,24952,538060,21,106,304,5379,45,700,349,6093,0,0,37449,43492.86,1600317,1594238,0
2/19/2021,13181,1069231,23906,561966,38,144,322,5701,46,746,368,6461,0,0,37493,38916.71,1637810,1631363,0
2/20/2021,11300,1080531,26059,588025,7,151,334,6035,77,823,413,6874,0,0,37780,36649.57,1675590,1668732,0
2/21/2021,6309,1086840,17412,605437,14,165,292,6327,48,871,341,7215,0,0,24076,34338.29,1699666,1692468,0
2/22/2021,12999,1099839,11830,617267,2,167,134,6461,22,893,156,7371,0,0,24987,34555.43,1724653,1717299,0
2/23/2021,25136,1124975,14141,631408,1,168,168,6629,36,929,205,7576,0,0,39484,34302.86,1764137,1756579,0
2/24/2021,36225,1161200,20381,651789,0,168,230,6859,37,966,268,7844,0,0,56874,36877.57,1821011,1813186,0
2/25/2021,54406,1215606,30451,682240,6,174,404,7263,64,1030,469,8313,0,0,85332,43718,1906343,1898050,0
2/26/2021,62649,1278255,31876,714116,4,178,428,7691,76,1106,506,8819,0,0,95035,51938.29,2001378,1992581,0
2/27/2021,51131,1329386,22732,736848,47,225,351,8042,51,1157,403,9222,0,0,74313,57157.29,2075691,2066492,0
2/28/2021,44458,1373844,13843,750691,7,232,207,8249,36,1193,243,9465,0,0,58551,62082.29,2134242,2124800,0
3/1/2021,39212,1413056,12760,763451,10,242,177,8426,22,1215,199,9664,0,0,52181,65967.14,2186423,2176782,0
3/2/2021,46942,1459998,12554,776005,7,249,165,8591,15,1230,180,9844,0,0,59683,68852.71,2246106,2236285,0
3/3/2021,48460,1508458,16123,792128,17,266,161,8752,19,1249,180,10024,0,0,64780,69982.14,2310886,2300885,0
3/4/2021,59679,1568137,22802,814930,1079,1345,274,9026,34,1283,310,10334,0,0,83870,69773.29,2394756,2384447,0
3/5/2021,60820,1628957,24286,839216,3064,4409,335,9361,32,1315,368,10702,0,0,88538,68845.14,2483294,2472618,0
3/6/2021,47036,1675993,18877,858093,5366,9775,242,9603,42,1357,284,10986,0,0,71563,68452.29,2554857,2543897,0
3/7/2021,35916,1711909,14858,872951,6166,15941,236,9839,21,1378,258,11244,0,0,57198,68259,2612055,2600838,0
3/8/2021,39446,1751355,14563,887514,8464,24405,327,10166,88,1466,418,11662,0,0,62891,69789,2674946,2663314,0
3/9/2021,39012,1790367,12815,900329,7649,32054,189,10355,35,1501,225,11887,0,0,59701,69791.57,2734647,2722791,0
3/10/2021,51699,1842066,15338,915667,5008,37062,228,10583,35,1536,264,12151,0,0,72309,70867.14,2806956,2794837,0
3/11/2021,59856,1901922,21795,937462,4587,41649,248,10831,48,1584,298,12449,0,0,86536,71248,2893492,2881077,0
3/12/2021,52069,1953991,30257,967719,4158,45807,372,11203,94,1678,466,12915,0,0,86950,71021.14,2980442,2967561,0
3/13/2021,40578,1994569,26645,994364,5049,50856,319,11522,55,1733,375,13290,0,0,72647,71176,3053089,3039834,0
3/14/2021,30640,2025209,15946,1010310,4473,55329,243,11765,28,1761,274,13564,0,0,51334,70338.29,3104423,3090897,0
3/15/2021,33510,2058719,17210,1027520,4664,59993,247,12012,31,1792,278,13842,0,0,55662,69305.57,3160085,3146281,0
3/16/2021,38592,2097311,20433,1047953,4882,64875,263,12275,37,1829,301,14143,0,0,64208,69949.43,3224293,3210189,0
3/17/2021,42533,2139844,24702,1072655,4199,69074,352,12627,42,1871,395,14538,0,0,71829,69880.86,3296122,3281624,0
3/18/2021,50342,2190186,26702,1099357,5164,74238,390,13017,61,1932,451,14989,0,0,82659,69327,3378781,3363832,0
3/19/2021,47674,2237860,29840,1129197,5569,79807,409,13426,74,2006,483,15472,0,0,83567,68843.71,3462348,3446916,0
3/20/2021,38636,2276496,25717,1154914,4628,84435,315,13741,54,2060,371,15843,0,0,69352,68373,3531700,3515899,0
3/21/2021,29240,2305736,19274,1174188,760,85195,237,13978,41,2101,280,16123,0,0,49554,68118.71,3581254,3565175,0
3/22/2021,33784,2339520,26670,1200858,4003,89198,260,14238,37,2138,297,16420,0,0,64755,69417.71,3646009,3629633,0
3/23/2021,38344,2377864,32751,1233609,4192,93390,300,14538,55,2193,359,16779,0,0,75646,71051.71,3721655,3704924,0
3/24/2021,41409,2419273,37534,1271143,4807,98197,339,14877,57,2250,398,17177,0,0,84148,72811.57,3805803,3788676,0
3/25/2021,43329,2462602,50693,1321836,5014,103211,483,15360,90,2340,577,17754,0,0,99613,75233.57,3905416,3887716,0
3/26/2021,38441,2501043,55420,1377256,4284,107495,523,15883,106,2446,632,18386,0,0,98777,77406.43,4004193,3985864,0
3/27/2021,35673,2536716,45669,1422925,2930,110425,420,16303,85,2531,506,18892,0,0,84778,79610.14,4088971,4070137,0
3/28/2021,26349,2563065,34383,1457308,1474,111899,344,16647,66,2597,414,19306,0,0,62620,81476.71,4151591,4132347,0
3/29/2021,34766,2597831,38768,1496076,3224,115123,373,17020,105,2702,479,19785,0,0,77237,83259.86,4228828,4209106,0
3/30/2021,40384,2638215,41837,1537913,3688,118811,350,17370,63,2765,415,20200,0,0,86324,84785.29,4315152,4295017,0
3/31/2021,49247,2687462,44794,1582707,7328,126139,419,17789,83,2848,502,20702,0,0,101871,87317.14,4417023,4396386,0
4/1/2021,50637,2738099,53865,1636572,11149,137288,505,18294,79,2927,588,21290,0,0,116239,89692.29,4533262,4512041,0
4/2/2021,43675,2781774,53779,1690351,11846,149134,557,18851,70,2997,632,21922,0,0,109932,91285.86,4643194,4621346,0
4/3/2021,39136,2820910,39151,1729502,9793,158927,347,19198,58,3055,406,22328,0,0,88486,91815.57,4731680,4709427,0
4/4/2021,26489,2847399,24749,1754251,3875,162802,226,19424,49,3104,275,22603,0,0,55388,90782.43,4787068,4764540,0
4/5/2021,41845,2889244,34343,1788594,11121,173923,390,19814,58,3162,449,23052,0,0,87758,92285.43,4874826,4851850,0
4/6/2021,53128,2942372,35562,1824156,13107,187030,448,20262,74,3236,522,23574,0,0,102319,94570.43,4977145,4953647,0
4/7/2021,55371,2997743,40644,1864800,14304,201334,413,20675,81,3317,496,24070,0,0,110815,95848.14,5087960,5063968,0
4/8/2021,59150,3056893,46511,1911311,16232,217566,535,21210,85,3402,621,24691,0,0,122514,96744.57,5210474,5185862,0
4/9/2021,56544,3113437,44857,1956168,17457,235023,536,21746,78,3480,619,25310,0,0,119477,98108.14,5329951,5304725,0
4/10/2021,49257,3162694,35587,1991755,12624,247647,400,22146,66,3546,470,25780,0,0,97938,99458.43,5427889,5402197,0
4/11/2021,38111,3200805,28790,2020545,7638,255285,288,22434,62,3608,351,26131,0,0,74890,102244.43,5502779,5476737,0
4/12/2021,46562,3247367,31783,2052328,13427,268712,478,22912,65,3673,544,26675,0,0,92316,102895.57,5595095,5568510,0
4/13/2021,52468,3299835,33740,2086068,369,269081,408,23320,60,3733,470,27145,0,0,87047,100713.86,5682142,5655089,0
4/14/2021,50082,3349917,39906,2125974,20,269101,369,23689,75,3808,446,27591,0,0,90454,97805.14,5772596,5745099,0
4/15/2021,52050,3401967,43647,2169621,15,269116,447,24136,105,3913,557,28148,0,0,96270,94056,5868866,5840817,0
4/16/2021,51143,3453110,42162,2211783,31,269147,440,24576,74,3987,517,28665,0,0,93853,90395.43,5962719,5934156,0
4/17/2021,43783,3496893,35663,2247446,3,269150,364,24940,83,4070,449,29114,0,0,79898,87818.29,6042617,6013607,0
4/18/2021,28565,3525458,29340,2276786,7,269157,259,25199,63,4133,323,29437,0,0,58235,85439,6100852,6071520,0
4/19/2021,37406,3562864,36385,2313171,21,269178,346,25545,68,4201,416,29853,0,0,74228,82855,6175080,6145334,0
4/20/2021,40761,3603625,39548,2352719,19,269197,316,25861,82,4283,399,30252,0,0,80727,81952.14,6255807,6225663,0
4/21/2021,38843,3642468,45924,2398643,17,269214,506,26367,94,4377,601,30853,0,0,85385,81228,6341192,6310448,0
4/22/2021,38455,3680923,48851,2447494,9,269223,349,26716,76,4453,427,31280,0,0,87743,80009.86,6428935,6397766,0
4/23/2021,39670,3720593,44289,2491783,3,269226,356,27072,75,4528,433,31713,0,0,84395,78658.71,6513330,6481730,0
4/24/2021,31907,3752500,41517,2533300,44,269270,283,27355,61,4589,345,32058,0,0,73813,77789.43,6587143,6555199,0
4/25/2021,18397,3770897,31163,2564463,86,269356,201,27556,60,4649,261,32319,0,0,49907,76599.71,6637050,6604845,0
4/26/2021,26938,3797835,40647,2605110,1011,270367,301,27857,93,4742,399,32718,0,0,68995,75852.14,6706045,6673446,0
4/27/2021,28533,3826368,47033,2652143,1693,272060,375,28232,98,4840,477,33195,0,0,77736,75424.86,6783781,6750709,0
4/28/2021,27001,3853369,56725,2708868,2140,274200,450,28682,100,4940,553,33748,0,0,86419,75572.57,6870200,6836578,0
4/29/2021,28571,3881940,57130,2765998,2144,276344,372,29054,102,5042,476,34224,0,0,88321,75655.14,6958521,6924425,0
4/30/2021,30091,3912031,51913,2817911,2052,278396,289,29343,70,5112,360,34584,0,0,84417,75658.29,7042938,7008483,0
5/1/2021,22461,3934492,44469,2862380,1170,279566,233,29576,68,5180,303,34887,0,0,68403,74885.43,7111341,7076585,0
5/2/2021,11912,3946404,36585,2898965,1080,280646,157,29733,55,5235,214,35101,0,0,49791,74868.86,7161132,7126164,0
5/3/2021,17993,3964397,52959,2951924,2376,283022,272,30005,85,5320,359,35460,0,0,73689,75539.43,7234821,7199496,0
5/4/2021,22715,3987112,56577,3008501,2325,285347,275,30280,113,5433,389,35849,0,0,82007,76149.57,7316828,7281115,0
5/5/2021,21463,4008575,48702,3057203,2303,287650,320,30600,100,5533,421,36270,0,0,72890,74216.86,7389718,7353585,0
5/6/2021,20669,4029244,50125,3107328,2502,290152,274,30874,88,5621,366,36636,0,0,73662,72122.71,7463380,7426885,0
5/7/2021,21225,4050469,52050,3159378,2804,292956,319,31193,79,5700,399,37035,0,0,76478,70988.57,7539858,7502965,0
5/8/2021,16615,4067084,41828,3201206,1828,294784,237,31430,68,5768,305,37340,0,0,60576,69870.43,7600434,7563236,0
5/9/2021,7964,4075048,29384,3230590,1259,296043,153,31583,54,5822,208,37548,0,0,38815,68302.43,7639249,7601844,0
5/10/2021,14362,4089410,38498,3269088,2352,298395,253,31836,89,5911,345,37893,0,0,55558,65712.29,7694807,7657060,0
5/11/2021,19879,4109289,43030,3312118,2507,300902,297,32133,85,5996,387,38280,0,0,65804,63397.57,7760611,7722482,0
5/12/2021,17802,4127091,40515,3352633,3582,304484,235,32368,81,6077,316,38596,0,0,62215,61872.57,7822826,7784381,0
5/13/2021,24910,4152001,40424,3393057,3223,307707,261,32629,78,6155,341,38937,0,0,68899,61192.14,7891725,7852941,0
5/14/2021,26976,4178977,42938,3435995,3529,311236,271,32900,91,6246,364,39301,0,0,73807,60810.57,7965532,7926386,0
5/15/2021,23620,4202597,34914,3470909,3360,314596,259,33159,74,6320,334,39635,0,0,62228,61046.57,8027760,7988281,0
5/16/2021,15503,4218100,19444,3490353,2492,317088,126,33285,47,6367,174,39809,0,0,37613,60874.86,8065373,8025721,0
5/17/2021,22650,4240750,29133,3519486,3248,320336,193,33478,65,6432,258,40067,0,0,55289,60836.43,8120662,8080752,0
5/18/2021,24610,4265360,31897,3551383,3396,323732,242,33720,81,6513,324,40391,0,0,60227,60039.71,8180889,8140656,0
5/19/2021,24162,4289522,29723,3581106,3034,326766,228,33948,49,6562,278,40669,0,0,57197,59322.86,8238086,8197576,0
5/20/2021,24127,4313649,30101,3611207,3160,329926,271,34219,85,6647,361,41030,0,0,57749,57730,8295835,8254969,0
5/21/2021,24656,4338305,31999,3643206,3047,332973,243,34462,62,6709,308,41338,0,0,60010,55759,8355845,8314674,0
5/22/2021,20002,4358307,24373,3667579,2521,335494,165,34627,47,6756,213,41551,0,0,47109,53599.14,8402954,8361571,0
5/23/2021,11217,4369524,13734,3681313,1407,336901,92,34719,32,6788,125,41676,0,0,26483,52009.14,8429437,8387930,0
5/24/2021,18845,4388369,23161,3704474,2754,339655,223,34942,52,6840,278,41954,0,0,45038,50544.71,8474475,8432693,0
5/25/2021,19416,4407785,23379,3727853,2596,342251,173,35115,57,6897,230,42184,0,0,45621,48458.14,8520096,8478084,0
5/26/2021,18772,4426557,21092,3748945,2696,344947,196,35311,49,6946,247,42431,0,0,42807,46402.43,8562903,8520646,0
5/27/2021,18452,4445009,21269,3770214,2529,347476,184,35495,58,7004,243,42674,0,0,42493,44223,8605396,8562897,0
5/28/2021,17854,4462863,22873,3793087,2746,350222,184,35679,60,7064,245,42919,0,0,43718,41895.57,8649114,8606371,0
5/29/2021,12699,4475562,17820,3810907,1750,351972,104,35783,38,7102,143,43062,0,0,32412,39796,8681526,8638641,0
5/30/2021,7024,4482586,8946,3819853,1073,353045,51,35834,15,7117,66,43128,0,0,17109,38456.86,8698635,8655684,0
5/31/2021,4738,4487324,6920,3826773,1006,354051,67,35901,18,7135,85,43213,0,0,12749,33844.14,8711384,8668348,0
6/1/2021,16035,4503359,25182,3851955,2174,356225,161,36062,40,7175,205,43418,0,0,43596,33554.86,8754980,8711743,0
6/2/2021,15345,4518704,20392,3872347,2093,358318,137,36199,46,7221,183,43601,0,0,38013,32870,8792993,8749573,0
6/3/2021,14990,4533694,23797,3896144,2278,360596,133,36332,45,7266,180,43781,0,0,41245,32691.71,8834238,8790640,0
6/4/2021,14701,4548395,25977,3922121,2491,363087,146,36478,40,7306,187,43968,0,0,43357,32640.14,8877595,8833811,0
6/5/2021,10980,4559375,22080,3944201,1806,364893,114,36592,29,7335,144,44112,0,0,35010,33011.29,8912605,8868678,0
6/6/2021,6439,4565814,14472,3958673,1217,366110,91,36683,13,7348,105,44217,0,0,22233,33743.29,8934838,8890807,0
6/7/2021,11689,4577503,21768,3980441,2375,368485,144,36827,38,7386,185,44402,0,0,36017,37067.29,8970855,8926642,0
6/8/2021,12619,4590122,24010,4004451,2069,370554,131,36958,44,7430,176,44578,0,0,38874,36392.71,9009729,8965341,0
6/9/2021,11122,4601244,23014,4027465,2299,372853,135,37093,44,7474,181,44759,0,0,36616,36193.14,9046345,9001778,0
6/10/2021,12048,4613292,22227,4049692,2458,375311,143,37236,60,7534,204,44963,0,0,36938,35577.86,9083283,9038513,0
6/11/2021,12691,4625983,25121,4074813,2480,377791,157,37393,61,7595,219,45182,0,0,40511,35171.29,9123794,9078806,0
6/12/2021,10155,4636138,19312,4094125,1886,379677,95,37488,45,7640,142,45324,0,0,31495,34669.14,9155289,9110161,0
6/13/2021,4248,4640386,10938,4105063,1210,380887,43,37531,21,7661,65,45389,0,0,16463,33844.86,9171752,9126560,0
6/14/2021,10199,4650585,19228,4124291,2039,382926,138,37669,50,7711,188,45577,0,0,31654,33221.57,9203406,9158026,0
6/15/2021,11874,4662459,21017,4145308,1939,384865,128,37797,41,7752,170,45747,0,0,35001,32668.29,9238407,9192858,0
6/16/2021,11580,4674039,19395,4164703,1953,386818,153,37950,73,7825,226,45973,0,0,33154,32173.71,9271561,9225786,0
6/17/2021,11012,4685051,18763,4183466,1971,388789,129,38079,36,7861,167,46140,0,0,31913,31455.86,9303474,9257534,0
6/18/2021,12165,4697216,18489,4201955,2110,390899,119,38198,38,7899,158,46298,0,0,32923,30371.86,9336397,9290300,0
6/19/2021,8487,4705703,13519,4215474,1458,392357,87,38285,23,7922,110,46408,0,0,23574,29240.29,9359971,9313764,0
6/20/2021,4333,4710036,7158,4222632,924,393281,36,38321,16,7938,52,46460,0,0,12467,28669.43,9372438,9326179,0
6/21/2021,10150,4720186,10012,4232644,1803,395084,72,38393,28,7966,101,46561,0,0,22066,27299.71,9394504,9348145,0
6/22/2021,9827,4730013,15641,4248285,1585,396669,105,38498,30,7996,135,46696,0,0,27188,26183.57,9421692,9375198,0
6/23/2021,10300,4740313,15185,4263470,1861,398530,101,38599,29,8025,131,46827,0,0,27477,25372.57,9449169,9402545,0
6/24/2021,9674,4749987,14705,4278175,1798,400328,118,38717,26,8051,146,46973,0,0,26323,24574,9475492,9428724,0
6/25/2021,10579,4760566,14381,4292556,1717,402045,118,38835,36,8087,154,47127,0,0,26831,23703.71,9502323,9455401,0
6/26/2021,7800,4768366,10462,4303018,1246,403291,78,38913,23,8110,102,47229,0,0,19610,23137.43,9521933,9474910,0
6/27/2021,4999,4773365,6000,4309018,794,404085,35,38948,14,8124,50,47279,0,0,11843,23048.29,9533776,9486704,0
6/28/2021,9027,4782392,10351,4319369,1523,405608,109,39057,27,8151,136,47415,0,0,21037,22901.29,9554813,9507605,0
6/29/2021,9723,4792115,12331,4331700,1347,406955,123,39180,34,8185,158,47573,0,0,23559,22382.86,9578372,9531007,0
6/30/2021,9428,4801543,10924,4342624,1482,408437,148,39328,18,8203,169,47742,0,0,22003,21600.86,9600375,9552844,0
7/1/2021,9388,4810931,10928,4353552,1431,409868,128,39456,27,8230,157,47899,0,0,21904,20969.57,9622279,9574593,0
7/2/2021,9691,4820622,11453,4365005,1538,411406,120,39576,21,8251,141,48040,0,0,22824,20397.14,9645103,9597276,0
7/3/2021,7056,4827678,8422,4373427,1192,412598,77,39653,16,8267,93,48133,0,0,16763,19990.43,9661866,9613946,0
7/4/2021,1285,4828963,1335,4374762,567,413165,12,39665,2,8269,14,48147,0,0,3201,18755.86,9665067,9617133,0
7/5/2021,6491,4835454,7104,4381866,1207,414372,67,39732,22,8291,89,48236,0,0,14891,17877.86,9679958,9631935,0
7/6/2021,9504,4844958,12853,4394719,1311,415683,113,39845,38,8329,152,48388,0,0,23820,17915.14,9703778,9655604,0
7/7/2021,8661,4853619,11102,4405821,1414,417097,127,39972,20,8349,147,48535,0,0,21324,17818.14,9725102,9676781,0
7/8/2021,8218,4861837,10187,4416008,1256,418353,109,40081,24,8373,135,48670,0,0,19796,17517,9744898,9696444,0
7/9/2021,8371,4870208,10827,4426835,1280,419633,90,40171,20,8393,110,48780,0,0,20588,17197.57,9765486,9716922,0
7/10/2021,7096,4877304,8633,4435468,1129,420762,67,40238,21,8414,89,48869,0,0,16947,17223.86,9782433,9733781,0
7/11/2021,4103,4881407,4539,4440007,701,421463,38,40276,6,8420,44,48913,0,0,9387,18107.57,9791820,9743124,0
7/12/2021,8438,4889845,9567,4449574,1249,422712,82,40358,23,8443,105,49018,0,0,19359,18745.86,9811179,9762378,0
7/13/2021,9456,4899301,9392,4458966,949,423661,109,40467,35,8478,146,49164,0,0,19943,18192,9831122,9782177,0
7/14/2021,8989,4908290,9534,4468500,1010,424671,108,40575,22,8500,134,49298,0,0,19667,17955.29,9850789,9801714,0
7/15/2021,8786,4917076,9155,4477655,1050,425721,81,40656,20,8520,102,49400,0,0,19093,17854.86,9869882,9820706,0
7/16/2021,9245,4926321,9767,4487422,979,426700,101,40757,29,8549,130,49530,0,0,20121,17788.14,9890003,9840697,0
7/17/2021,6836,4933157,7384,4494806,802,427502,80,40837,22,8571,102,49632,0,0,15124,17527.71,9905127,9855719,0
7/18/2021,4247,4937404,4287,4499093,575,428077,38,40875,12,8583,50,49682,0,0,9159,17495.14,9914286,9864828,0
7/19/2021,9119,4946523,8484,4507577,999,429076,92,40967,22,8605,115,49797,0,0,18717,17403.43,9933003,9883431,0
7/20/2021,10638,4957161,8755,4516332,990,430066,93,41060,26,8631,120,49917,0,0,20503,17483.43,9953506,9903815,0
7/21/2021,10048,4967209,8781,4525113,902,430968,145,41205,33,8664,178,50095,0,0,19909,17518,9973415,9923546,0
7/22/2021,10691,4977900,8577,4533690,1045,432013,141,41346,27,8691,169,50264,0,0,20482,17716.43,9993897,9943860,0
7/23/2021,11243,4989143,8887,4542577,1111,433124,137,41483,23,8714,162,50426,0,0,21403,17899.57,10015300,9965103,0
7/24/2021,7397,4996540,6739,4549316,669,433793,81,41564,26,8740,108,50534,0,0,14913,17869.43,10030213,9979909,0
7/25/2021,5473,5002013,2128,4551444,509,434302,57,41621,4,8744,61,50595,0,0,8171,17728.29,10038384,9988019,0
7/26/2021,10865,5012878,7012,4558456,854,435156,109,41730,20,8764,129,50724,0,0,18860,17748.71,10057244,10006750,0
7/27/2021,12053,5024931,8569,4567025,856,436012,139,41869,40,8804,180,50904,0,0,21658,17913.71,10078902,10028229,0
7/28/2021,11999,5036930,8056,4575081,949,436961,134,42003,29,8833,164,51068,0,0,21168,18093.57,10100070,10049234,0
7/29/2021,10917,5047847,7437,4582518,981,437942,138,42141,41,8874,183,51251,0,0,19518,17955.86,10119588,10068573,0
7/30/2021,14941,5062788,8017,4590535,1150,439092,184,42325,30,8904,218,51469,0,0,24326,18373.43,10143914,10092685,0
7/31/2021,9718,5072506,6321,4596856,815,439907,120,42445,20,8924,141,51610,0,0,16995,18670.86,10160909,10109540,0
8/1/2021,6494,5079000,3311,4600167,564,440471,80,42525,22,8946,102,51712,0,0,10471,18999.43,10171380,10119909,0
8/2/2021,13444,5092444,7145,4607312,845,441316,148,42673,19,8965,167,51879,0,0,21601,19391,10192981,10141343,0
8/3/2021,15399,5107843,8389,4615701,1108,442424,145,42818,39,9004,185,52064,0,0,25081,19880,10218062,10166240,0
8/4/2021,17253,5125096,8130,4623831,1452,443876,182,43000,36,9040,218,52282,0,0,27053,20720.71,10245115,10193075,0
8/5/2021,17873,5142969,7934,4631765,1367,445243,161,43161,21,9061,182,52464,0,0,27356,21840.43,10272471,10220249,0
8/6/2021,18170,5161139,8418,4640183,1228,446471,166,43327,33,9094,199,52663,0,0,28015,22367.43,10300486,10248065,0
8/7/2021,13374,5174513,6018,4646201,799,447270,104,43431,29,9123,133,52796,0,0,20324,22843,10320810,10268256,0
8/8/2021,9308,5183821,3832,4650033,399,447669,84,43515,10,9133,94,52890,0,0,13633,23294.71,10334443,10281795,0
8/9/2021,21324,5205145,8531,4658564,963,448632,177,43692,33,9166,211,53101,0,0,31029,24641.57,10365472,10312614,0
8/10/2021,18942,5224087,9330,4667894,944,449576,180,43872,34,9200,215,53316,0,0,29431,25263,10394903,10341831,0
8/11/2021,15637,5239724,8312,4676206,852,450428,130,44002,44,9244,175,53491,0,0,24976,24966.29,10419879,10366633,0
8/12/2021,15044,5254768,8985,4685191,939,451367,177,44179,37,9281,216,53707,0,0,25184,24656,10445063,10391603,0
8/13/2021,14912,5269680,9290,4694481,919,452286,246,44425,38,9319,285,53992,0,0,25407,24283.43,10470470,10416726,0
8/14/2021,10390,5280070,6410,4700891,625,452911,533,44958,41,9360,577,54569,0,0,18002,23951.71,10488472,10434154,0
8/15/2021,6685,5286755,4478,4705369,674,453585,563,45521,32,9392,600,55169,0,0,12437,23780.86,10500909,10445996,0
8/16/2021,15688,5302443,9315,4714684,1149,454734,1320,46841,64,9456,1389,56558,0,0,27541,23282.57,10528450,10472153,0
8/17/2021,17749,5320192,10458,4725142,1228,455962,1763,48604,86,9542,1864,58422,0,0,31299,23549.43,10559749,10501603,0
8/18/2021,17470,5337662,10379,4735521,1262,457224,1991,50595,89,9631,2091,60513,0,0,31202,24438.86,10590951,10530725,0
8/19/2021,16277,5353939,9535,4745056,1313,458537,1938,52533,69,9700,2021,62534,0,0,29146,25004.86,10620097,10557864,0
8/20/2021,16253,5370192,11535,4756591,1251,459788,1863,54396,88,9788,1965,64499,0,0,31004,25804.43,10651101,10586917,0
8/21/2021,11143,5381335,8036,4764627,877,460665,1059,55455,52,9840,1118,65617,0,0,21174,26257.57,10672275,10606980,0
8/22/2021,4077,5385412,3901,4768528,261,460926,510,55965,32,9872,546,66163,0,0,8785,25735.86,10681060,10615223,0
8/23/2021,15568,5400980,11802,4780330,1021,461947,1546,57511,77,9949,1636,67799,0,0,30028,26091.14,10711088,10643628,0
8/24/2021,16896,5417876,12596,4792926,1004,462951,1765,59276,81,10030,1855,69654,0,0,32351,26241.43,10743439,10674133,0
8/25/2021,14559,5432435,12448,4805374,1108,464059,1571,60847,81,10111,1667,71321,0,0,29782,26038.57,10773221,10702263,0
8/26/2021,16134,5448569,14101,4819475,1070,465129,1773,62620,70,10181,1853,73174,0,0,33158,26611.71,10806379,10733578,0
8/27/2021,14863,5463432,14822,4834297,968,466097,1676,64296,75,10256,1759,74933,0,0,32412,26812.86,10838791,10764239,0
8/28/2021,10673,5474105,11523,4845820,835,466932,1014,65310,46,10302,1061,75994,0,0,24092,27229.71,10862883,10787271,0
8/29/2021,7204,5481309,7498,4853318,541,467473,781,66091,57,10359,847,76841,0,0,16090,28273.29,10878973,10802523,0
8/30/2021,15503,5496812,16927,4870245,1075,468548,1790,67881,97,10456,1896,78737,0,0,35401,29040.86,10914374,10836037,0
8/31/2021,15495,5512307,15958,4886203,952,469500,1972,69853,88,10544,2070,80807,0,0,34475,29344.29,10948849,10868452,0
9/1/2021,14819,5527126,14114,4900317,1017,470517,1804,71657,58,10602,1872,82679,0,0,31822,29635.71,10980671,10898412,0
9/2/2021,14307,5541433,12523,4912840,895,471412,1713,73370,65,10667,1794,84473,0,0,29519,29115.86,11010190,10926153,0
9/3/2021,14990,5556423,14321,4927161,973,472385,1887,75257,73,10740,1964,86437,0,0,32248,29092.43,11042438,10956441,0
9/4/2021,9641,5566064,9404,4936565,687,473072,977,76234,35,10775,1017,87454,0,0,20749,28614.86,11063187,10976178,0
9/5/2021,6790,5572854,5514,4942079,438,473510,712,76946,19,10794,732,88186,0,0,13474,28241.14,11076661,10988921,0
9/6/2021,5194,5578048,4510,4946589,356,473866,274,77220,11,10805,287,88473,0,0,10347,24662,11087008,10998983,0
9/7/2021,15547,5593595,17699,4964288,912,474778,1558,78778,95,10900,1662,90135,0,0,35820,24854.14,11122828,11033150,0
9/8/2021,16142,5609737,14830,4979118,1069,475847,1781,80559,83,10983,1875,92010,0,0,33916,25153.29,11156744,11065202,0
9/9/2021,16088,5625825,14757,4993875,1047,476894,1912,82471,77,11060,2001,94011,0,0,33893,25778.14,11190637,11097106,0
9/10/2021,18342,5644167,15405,5009280,1207,478101,1972,84443,83,11143,2062,96073,0,0,37016,26459.29,11227653,11132067,0
9/11/2021,12625,5656792,10349,5019629,957,479058,1034,85477,47,11190,1087,97160,0,0,25018,27069.14,11252671,11156004,0
9/12/2021,8529,5665321,5054,5024683,765,479823,692,86169,33,11223,726,97886,0,0,15074,27297.71,11267745,11170353,0
9/13/2021,16913,5682234,12964,5037647,975,480798,1656,87825,53,11276,1719,99605,0,0,32571,30472.57,11300316,11201215,0
9/14/2021,16253,5698487,13679,5051326,885,481683,1595,89420,56,11332,1663,101268,0,0,32481,29995.57,11332797,11232045,0
9/15/2021,15502,5713989,12897,5064223,726,482409,1572,90992,83,11415,1664,102932,0,0,30789,29548.86,11363586,11261179,0
9/16/2021,15317,5729306,13914,5078137,1207,483616,1470,92462,67,11482,1544,104476,0,0,31982,29275.86,11395568,11291624,0
9/17/2021,14420,5743726,13957,5092094,922,484538,1838,94300,62,11544,1901,106377,0,0,31200,28445,11426768,11320924,0
9/18/2021,9981,5753707,10191,5102285,913,485451,1044,95344,44,11588,1092,107469,0,0,22177,28039.14,11448945,11342013,0
9/19/2021,6164,5759871,6077,5108362,557,486008,743,96087,29,11617,777,108246,0,0,13575,27825,11462520,11354816,0
9/20/2021,12663,5772534,12632,5120994,1066,487074,1916,98003,63,11680,1988,110234,0,0,28350,27222,11490870,11381187,0
9/21/2021,12213,5784747,12768,5133762,1108,488182,2031,100034,82,11762,2129,112363,0,0,28218,26613,11519088,11407292,0
9/22/2021,12807,5797554,12011,5145773,1089,489271,1684,101718,68,11830,1757,114120,0,0,27664,26166.57,11546752,11433204,0
9/23/2021,14900,5812454,12768,5158541,1638,490909,2271,103989,75,11905,2353,116473,0,0,31659,26120.43,11578411,11462517,0
9/24/2021,16419,5828873,13364,5171905,1634,492543,4594,108583,126,12031,4738,121211,0,0,36155,26828.29,11614566,11493952,0
9/25/2021,10517,5839390,9032,5180937,1016,493559,3422,112005,84,12115,3522,124733,0,0,24087,27101.14,11638653,11514533,0
9/26/2021,6276,5845666,5767,5186704,772,494331,2401,114406,60,12175,2473,127206,0,0,15288,27345.86,11653941,11527360,0
9/27/2021,14110,5859776,8066,5194770,1155,495486,9025,123431,165,12340,9239,136445,0,0,32571,27948.86,11686512,11550741,0
9/28/2021,11089,5870865,11787,5206557,900,496386,9882,133313,185,12525,10106,146551,0,0,33882,28758,11720394,11574556,0
9/29/2021,11570,5882435,12194,5218751,1202,497588,9415,142728,181,12706,9630,156181,0,0,34596,29748.29,11754990,11599556,0
9/30/2021,12195,5894630,12610,5231361,1335,498923,9719,152447,185,12891,9935,166116,0,0,36075,30379.14,11791065,11625727,0
10/1/2021,12603,5907233,13434,5244795,1284,500207,10218,162665,157,13048,10412,176528,0,0,37733,30604.57,11828798,11653085,0
10/2/2021,7704,5914937,9981,5254776,865,501072,4214,166879,84,13132,4322,180850,0,0,22872,30431,11851670,11671659,0
10/3/2021,5050,5919987,6158,5260934,592,501664,2602,169481,59,13191,2671,183521,0,0,14471,30314.29,11866141,11683469,0
10/4/2021,9886,5929873,11017,5271951,912,502576,9465,178946,153,13344,9652,193173,0,0,31467,30156.57,11897608,11705318,0
10/5/2021,10120,5939993,11735,5283686,971,503547,9906,188852,183,13527,10131,203304,0,0,32957,30024.43,11930565,11728186,0
10/6/2021,9853,5949846,11045,5294731,936,504483,9912,198764,164,13691,10113,213417,0,0,31948,29646.14,11962513,11750058,0
10/7/2021,9574,5959420,12154,5306885,850,505333,10125,208889,188,13879,10344,223761,0,0,32922,29195.71,11995435,11772667,0
10/8/2021,9413,5968833,12181,5319066,939,506272,10853,219742,165,14044,11056,234817,0,0,33589,28603.71,12029024,11795238,0
10/9/2021,6213,5975046,8243,5327309,641,506913,4099,223841,93,14137,4208,239025,0,0,19305,28094.14,12048329,11810351,0
10/10/2021,3524,5978570,5029,5332338,458,507371,2410,226251,50,14187,2468,241493,0,0,11479,27666.71,12059808,11819370,0
10/11/2021,7581,5986151,9335,5341673,728,508099,8862,235113,165,14352,9051,250544,0,0,26695,26985,12086503,11837038,0
10/12/2021,8036,5994187,10996,5352669,891,508990,10481,245594,189,14541,10711,261255,0,0,30634,26653.14,12117137,11857002,0
10/13/2021,7123,6001310,10150,5362819,866,509856,8768,254362,188,14729,8984,270239,0,0,27123,25963.86,12144260,11875169,0
10/14/2021,7393,6008703,11121,5373940,836,510692,10093,264455,169,14898,10303,280542,0,0,29653,25496.86,12173913,11894560,0
10/15/2021,7692,6016395,11863,5385803,820,511512,10789,275244,173,15071,10994,291536,0,0,31369,25179.71,12205282,11914967,0
10/16/2021,4849,6021244,7462,5393265,664,512176,3823,279067,66,15137,3900,295436,0,0,16875,24832.57,12222157,11927953,0
10/17/2021,3043,6024287,4469,5397734,411,512587,2446,281513,47,15184,2499,297935,0,0,10422,24681.57,12232579,11935882,0
10/18/2021,7003,6031290,10675,5408409,796,513383,9453,290966,190,15374,9676,307611,0,0,28150,24889.43,12260729,11954389,0
10/19/2021,6534,6037824,8939,5417348,802,514185,9068,300034,183,15557,9291,316902,0,0,25566,24165.43,12286295,11970704,0
10/20/2021,6488,6044312,9374,5426722,974,515159,9958,309992,182,15739,10178,327080,0,0,27014,24149.86,12313309,11987578,0
10/21/2021,6985,6051297,9383,5436105,856,516015,10836,320828,157,15896,11027,338107,0,0,28251,23949.57,12341560,12004836,0
10/22/2021,8072,6059369,10341,5446446,1024,517039,16282,337110,230,16126,16566,354673,0,0,36003,24611.57,12377563,12024327,0
10/23/2021,5160,6064529,6447,5452893,689,517728,9054,346164,115,16241,9189,363862,0,0,21485,25270.14,12399048,12036643,0
10/24/2021,3253,6067782,3962,5456855,765,518493,6128,352292,84,16325,6236,370098,0,0,14216,25812.14,12413264,12044647,0
10/25/2021,8733,6076515,8748,5465603,1150,519643,19161,371453,302,16627,19533,389631,0,0,38164,27242.71,12451428,12063348,0
10/26/2021,8174,6084689,7728,5473331,1255,520898,17207,388660,282,16909,17555,407186,0,0,34712,28549.29,12486140,12080571,0
10/27/2021,10502,6095191,8396,5481727,1601,522499,20768,409428,339,17248,21175,428361,0,0,41674,30643.57,12527814,12101138,0
10/28/2021,11265,6106456,8031,5489758,1792,524291,20788,430216,324,17572,21181,449542,0,0,42269,32646.14,12570083,12122295,0
10/29/2021,11806,6118262,8229,5497987,1967,526258,22463,452679,352,17924,22885,472427,0,0,44888,33915.43,12614971,12144368,0
10/30/2021,4598,6122860,5058,5503045,929,527187,11145,463824,160,18084,11347,483774,0,0,21932,33979.29,12636903,12154995,0
10/31/2021,2645,6125505,2698,5505743,544,527731,6614,470438,104,18188,6741,490515,0,0,12628,33752.43,12649531,12160905,0
11/1/2021,7079,6132584,6956,5512699,1082,528813,20318,490756,341,18529,20716,511231,0,0,35833,33419.43,12685364,12176079,0
11/2/2021,6522,6139106,6584,5519283,1055,529868,20736,511492,278,18807,21093,532324,0,0,35255,33497,12720619,12190320,0
11/3/2021,6772,6145878,6675,5525958,1023,530891,20597,532089,312,19119,20986,553310,0,0,35458,32609,12756077,12204869,0
11/4/2021,9234,6155112,6265,5532223,996,531887,22334,554423,360,19479,22767,576077,0,0,39262,32179.43,12795339,12221437,0
11/5/2021,11006,6166118,6709,5538932,1047,532934,23702,578125,359,19838,24143,600220,0,0,42905,31896.14,12838244,12240281,0
11/6/2021,11093,6177211,4047,5542979,593,533527,12551,590676,176,20014,12765,612985,0,0,28498,32834.14,12866742,12256052,0
11/7/2021,7198,6184409,2289,5545268,576,534103,7077,597753,98,20112,7190,620175,0,0,17253,33494.86,12883995,12266130,0
11/8/2021,14999,6199408,5676,5550944,859,534962,19452,617205,287,20399,19804,639979,0,0,41338,34281.29,12925333,12287729,0
11/9/2021,16081,6215489,5382,5556326,658,535620,20495,637700,287,20686,20861,660840,0,0,42982,35385.14,12968315,12309929,0
11/10/2021,16829,6232318,5319,5561645,682,536302,22642,660342,295,20981,23009,683849,0,0,45839,36868.14,13014154,12332831,0
11/11/2021,12469,6244787,5190,5566835,759,537061,22078,682420,296,21277,22444,706293,0,0,40862,37096.71,13055016,12351319,0
11/12/2021,16798,6261585,5682,5572517,705,537766,23413,705833,353,21630,23843,730136,0,0,47028,37685.71,13102044,12374581,0
11/13/2021,9896,6271481,3658,5576175,463,538229,13319,719152,181,21811,13542,743678,0,0,27559,37551.57,13129603,12388640,0
11/14/2021,5960,6277441,2285,5578460,324,538553,7924,727076,80,21891,8025,751703,0,0,16594,37457.43,13146197,12397230,0
11/15/2021,13153,6290594,5963,5584423,687,539240,25086,752162,373,22264,25537,777240,0,0,45340,38029.14,13191537,12417111,0
11/16/2021,9853,6300447,5784,5590207,651,539891,30623,782785,447,22711,31145,808385,0,0,47435,38665.29,13238972,12433476,0
11/17/2021,10175,6310622,6659,5596866,678,540569,31406,814191,426,23137,31924,840309,0,0,49436,39179.14,13288408,12451080,0
11/18/2021,10600,6321222,6518,5603384,853,541422,33015,847206,465,23602,33577,873886,0,0,51548,40705.71,13339956,12469148,0
11/19/2021,11889,6333111,6549,5609933,706,542128,36206,883412,479,24081,36774,910660,0,0,55918,41975.71,13395874,12488381,0
11/20/2021,9274,6342385,3401,5613334,511,542639,22495,905907,266,24347,22811,933471,0,0,35997,43181.14,13431871,12501617,0
11/21/2021,4877,6347262,1883,5615217,287,542926,13167,919074,159,24506,13351,946822,0,0,20398,43724.57,13452269,12508689,0
11/22/2021,10308,6357570,5771,5620988,746,543672,35914,954988,455,24961,36456,983278,0,0,53281,44859,13505550,12525601,0
11/23/2021,9660,6367230,4773,5625761,629,544301,33492,988480,400,25361,33959,1017237,0,0,49022,45085.71,13554572,12540731,0
11/24/2021,8604,6375834,4732,5630493,646,544947,25930,1014410,297,25658,26296,1043533,0,0,40278,43777.43,13594850,12554782,0
11/25/2021,446,6376280,330,5630823,80,545027,998,1015408,9,25667,1007,1044540,0,0,1863,36679.57,13596713,12555638,0
11/26/2021,7971,6384251,6977,5637800,526,545553,26558,1041966,313,25980,26925,1071465,0,0,42399,34748.29,13639112,12571166,0
11/27/2021,6624,6390875,6824,5644624,369,545922,18834,1060800,225,26205,19095,1090560,0,0,32913,34307.71,13672025,12585020,0
11/28/2021,4023,6394898,5774,5650398,278,546200,11898,1072698,120,26325,12039,1102599,0,0,22114,34552.86,13694139,12595116,0
11/29/2021,8991,6403889,10992,5661390,683,546883,35078,1107776,462,26787,35615,1138214,0,0,56281,34981.43,13750420,12615857,0
11/30/2021,10363,6414252,11428,5672818,509,547392,37806,1145582,504,27291,38424,1176638,0,0,60724,36653.14,13811144,12638271,0
12/1/2021,11054,6425306,10966,5683784,720,548112,40389,1185971,446,27737,40932,1217570,0,0,63674,39995.43,13874818,12661110,0
12/2/2021,11490,6436796,11044,5694828,624,548736,42262,1228233,478,28215,42833,1260403,0,0,65991,49156.57,13940809,12684361,0
12/3/2021,13319,6450115,12895,5707723,662,549398,48029,1276262,545,28760,48678,1309081,0,0,75554,53893,14016363,12711341,0
12/4/2021,9727,6459842,11303,5719026,564,549962,30720,1306982,312,29072,31084,1340165,0,0,52678,56716.57,14069041,12732987,0
12/5/2021,5689,6465531,5682,5724708,268,550230,16677,1323659,132,29204,16846,1357011,0,0,28485,57626.71,14097526,12744663,0
12/6/2021,12186,6477717,9974,5734682,597,550827,43313,1366972,474,29678,43879,1400890,0,0,66637,59106.14,14164163,12767513,0
12/7/2021,12465,6490182,9245,5743927,621,551448,43141,1410113,525,30203,43753,1444643,0,0,66084,59871.86,14230247,12789931,0
